cores = [2, 4, 8, 16, 24];
brute_force = [1.9547, 3.6172, 7.5989, 10.1121, 12.6774];
rabin_karp = [1.8427, 3.4313, 5.9880, 8.5741, 10.2586];