cores = [2, 4, 8, 16, 24];
brute_force = [1.8714, 3.6605, 7.4638, 10.4358, 15.2599];
rabin_karp = [1.8538, 3.4236, 5.9455, 7.7007, 8.0907];